##BLOCKS= 3

Plate:	Plate1_AuSize	1.3	PlateFormat	Endpoint	Fluorescence	FALSE	Reduced	FALSE	1						1	590 	2	10	96	560 	Manual				6				2	6	560 		

		1	2	3	4	5	6	7	8	9	10	11	12	

		 	 	 	 	 	 	 	 	 	 	 	 	

		 	222861120	94514528	98908296	111720072	10747864	122756272	110025936	98216256	101511656	111490064	 	

		 	146516320	65605156	106637624	105564064	9863774	137630528	157006928	114283440	129910440	107762192	 	

		 	176438080	93611424	98845536	107202416	9552866	114930456	125763256	130185816	130882728	108691160	 	

		 	170010080	107374240	97837712	95844856	9872630	111182912	120201120	126509784	123693416	114065912	 	

		 	183372448	94699800	101447552	94206432	10024749	112571576	130752936	126958152	122480792	118505856	 	

		 	178175968	82201288	99474672	100232904	10237724	105122304	128743288	134985888	128853472	115833464	 	

		 	 	 	 	 	 	 	 	 	 	 	 	

~End

Plate:	Plate2_AuType	1.3	PlateFormat	Endpoint	Fluorescence	FALSE	Reduced	FALSE	1						1	590 	2	10	96	560 	Manual				6				2	6	560 		

		1	2	3	4	5	6	7	8	9	10	11	12	

		 	 	 	 	 	 	 	 	 	 	 	 	

		 	110407328	134717824	97228672	125015208	9879165	130566784	139542208	126105200	127129608	120477928	 	

		 	106772840	125148768	82191048	123560496	10615330	160454368	117897096	123010192	128142064	129915992	 	

		 	105318872	127024096	123969080	133922744	9360330	126044784	130619784	134457968	141878224	125721352	 	

		 	101653528	121502184	152879568	126427632	9599511	124154800	123054576	127132552	153476064	10405479	 	

		 	103985760	126661808	181900032	163372448	10016199	123693432	125154304	149386624	167018096	10466838	 	

		 	97726152	114310280	137961984	121871800	10191386	117441424	138231136	128300944	155341696	10535457	 	

		 	 	 	 	 	 	 	 	 	 	 	 	

~End

Plate:	Plate3_Ag+DMSO	1.3	PlateFormat	Endpoint	Fluorescence	FALSE	Reduced	FALSE	1						1	590 	2	10	96	560 	Manual				6				2	6	560 		

		1	2	3	4	5	6	7	8	9	10	11	12	

		 	 	 	 	 	 	 	 	 	 	 	 	

		 	122695424	118901432	117838088	120998104	8804287	137437232	124908168	134048592	144805888	10754710	 	

		 	115469496	119557256	117390448	116491504	8265224	179628032	126575664	134214008	143751392	10710224	 	

		 	113260464	119845224	126368448	122549136	8940487	144585728	133607936	141265264	146316624	10482967	 	

		 	110145256	118138696	128980008	115164472	8372834	138493136	125517848	136218416	140898720	131649792	 	

		 	111475144	122639280	120661808	120558592	9474721	129274160	133134880	128504568	135716544	137411664	 	

		 	105640872	116645168	125058168	119068040	9962789	125296344	140586464	132232048	143067024	125376448	 	

		 	 	 	 	 	 	 	 	 	 	 	 	

~End

Original Filename: 20230428_Nanoparticles_OD1_24h_reduced; Date Last Saved: 28/04/2023 16:09:23

